4434.729975 1.000000 -0.000070 0.000931 0.008401 0.000070 1.000000 -0.000424 0.002707 -0.000931 0.000424 0.999999 0.025485
4434.840803 0.999998 -0.000190 0.001927 0.006171 0.000191 1.000000 -0.000576 0.004596 -0.001927 0.000577 0.999998 0.051729
4434.931518 0.999996 -0.000713 0.002897 0.003745 0.000714 1.000000 -0.000655 0.001583 -0.002897 0.000657 0.999996 0.077397
4435.042406 0.999993 -0.000236 0.003842 0.010281 0.000239 1.000000 -0.000924 0.005171 -0.003842 0.000925 0.999992 0.103239
4435.133866 0.999988 -0.000595 0.004819 -0.001530 0.000599 0.999999 -0.000958 0.004539 -0.004818 0.000961 0.999988 0.128046
4435.244704 0.999987 -0.000476 0.005002 -0.001858 0.000464 0.999997 0.002399 0.002083 -0.005004 -0.002396 0.999985 0.131940
4435.335309 0.999983 -0.000153 0.005868 -0.001197 0.000141 0.999998 0.002100 0.003402 -0.005869 -0.002099 0.999981 0.155215
4435.442479 0.999977 -0.000501 0.006715 -0.000767 0.000491 0.999999 0.001609 0.002361 -0.006716 -0.001606 0.999976 0.177775
4435.533040 0.999977 -0.000490 0.006838 -0.001001 0.000478 0.999998 0.001688 0.002829 -0.006839 -0.001685 0.999975 0.182762
4435.644292 0.999970 -0.000168 0.007804 -0.005866 0.000155 0.999999 0.001598 0.005051 -0.007804 -0.001597 0.999968 0.208285
4435.734940 0.999965 -0.000691 0.008300 -0.010573 0.000708 0.999998 -0.001991 0.004589 -0.008298 0.001997 0.999964 0.215744
4435.835788 0.999959 -0.000442 0.009059 -0.006518 0.000452 0.999999 -0.001111 0.005293 -0.009059 0.001115 0.999958 0.234772
4435.937989 0.999952 -0.000371 0.009811 -0.004914 0.000393 0.999997 -0.002261 0.006176 -0.009810 0.002265 0.999949 0.252331
4436.031465 0.999943 -0.000631 0.010666 -0.004848 0.000656 0.999997 -0.002315 0.004370 -0.010665 0.002322 0.999940 0.275602
4436.136164 0.999933 -0.000537 0.011554 -0.008415 0.000569 0.999996 -0.002735 0.005497 -0.011552 0.002741 0.999930 0.298272
4436.237795 0.999932 -0.000516 0.011678 -0.007310 0.000544 0.999997 -0.002374 0.005079 -0.011677 0.002380 0.999929 0.302729
4436.329693 0.999927 -0.000198 0.012086 -0.005811 0.000194 1.000000 0.000277 0.004538 -0.012086 -0.000275 0.999927 0.312441
4436.441144 0.999918 -0.000283 0.012787 -0.009353 0.000283 1.000000 -0.000009 0.004541 -0.012787 0.000013 0.999918 0.329934
4436.541754 0.999909 0.000082 0.013500 -0.007092 -0.000085 1.000000 0.000209 0.006366 -0.013500 -0.000210 0.999909 0.348563
4436.634984 0.999899 -0.000276 0.014216 -0.005063 0.000283 1.000000 -0.000498 0.005102 -0.014215 0.000502 0.999899 0.366298
4436.727771 0.999897 -0.000413 0.014324 -0.006005 0.000417 1.000000 -0.000216 0.004198 -0.014324 0.000222 0.999897 0.370901
4436.828475 0.999888 -0.000823 0.014967 -0.007067 0.000792 0.999998 0.002058 0.002004 -0.014969 -0.002046 0.999886 0.383849
4436.940236 0.999884 -0.001096 0.015176 -0.002056 0.001073 0.999998 0.001534 0.003944 -0.015178 -0.001518 0.999884 0.388796
4437.042910 0.999869 -0.001622 0.016126 0.013009 0.001597 0.999997 0.001571 0.009009 -0.016129 -0.001545 0.999869 0.415282
4437.123651 0.999847 -0.003691 0.017086 0.006146 0.003666 0.999992 0.001455 0.007268 -0.017091 -0.001392 0.999853 0.440071
4437.234713 0.999837 -0.005880 0.017083 0.012762 0.005764 0.999960 0.006808 0.006690 -0.017122 -0.006708 0.999831 0.441863
4437.345989 0.999821 -0.008246 0.017039 0.027943 0.008066 0.999911 0.010598 0.014627 -0.017125 -0.010458 0.999799 0.439559
4437.436594 0.999767 -0.013380 0.016914 0.040631 0.013118 0.999793 0.015527 0.017426 -0.017119 -0.015301 0.999736 0.438505
4437.537342 0.999694 -0.018223 0.016740 0.058359 0.017884 0.999637 0.020163 0.035156 -0.017101 -0.019858 0.999657 0.436346
4437.638107 0.999692 -0.018360 0.016690 0.081577 0.018008 0.999617 0.021009 0.034804 -0.017069 -0.020702 0.999640 0.427115
4437.738799 0.999674 -0.019151 0.016870 0.095742 0.018782 0.999586 0.021774 0.032208 -0.017280 -0.021451 0.999621 0.431586
4437.839084 0.999669 -0.019411 0.016888 0.104919 0.019025 0.999561 0.022708 0.033931 -0.017322 -0.022379 0.999599 0.432836
4437.939750 0.999651 -0.019987 0.017285 0.116153 0.019571 0.999522 0.023924 0.034827 -0.017755 -0.023577 0.999564 0.449328
4438.030388 0.999636 -0.020384 0.017681 0.131983 0.019966 0.999524 0.023517 0.037728 -0.018152 -0.023156 0.999567 0.466555
4438.141859 0.999629 -0.020689 0.017708 0.147033 0.020199 0.999421 0.027389 0.041126 -0.018264 -0.027021 0.999468 0.466591
4438.235437 0.999618 -0.020900 0.018058 0.165033 0.020350 0.999339 0.030133 0.043243 -0.018676 -0.029754 0.999383 0.474740
4438.333574 0.999641 -0.020558 0.017161 0.206372 0.020030 0.999337 0.030390 0.047336 -0.017775 -0.030035 0.999391 0.445476
4438.437245 0.999637 -0.020838 0.017081 0.212641 0.020294 0.999301 0.031388 0.048605 -0.017723 -0.031030 0.999361 0.448540
4438.539006 0.999631 -0.021233 0.016964 0.217592 0.020686 0.999280 0.031795 0.048759 -0.017626 -0.031432 0.999350 0.449507
4438.639796 0.999627 -0.021494 0.016869 0.222607 0.020940 0.999258 0.032339 0.049608 -0.017552 -0.031974 0.999335 0.450967
4438.735871 0.999622 -0.021725 0.016838 0.227372 0.021169 0.999247 0.032520 0.051683 -0.017531 -0.032152 0.999329 0.454510
4438.837707 0.999615 -0.022065 0.016820 0.233665 0.021499 0.999220 0.033128 0.050955 -0.017537 -0.032754 0.999310 0.456876
4438.931626 0.999608 -0.022391 0.016823 0.237992 0.021817 0.999199 0.033536 0.050731 -0.017561 -0.033156 0.999296 0.456048
4439.043899 0.999591 -0.023158 0.016783 0.249815 0.022598 0.999206 0.032810 0.049309 -0.017530 -0.032417 0.999321 0.450924
4439.137566 0.999576 -0.023729 0.016865 0.263468 0.023103 0.999070 0.036399 0.047004 -0.017713 -0.035994 0.999195 0.455881
4439.240863 0.999566 -0.024031 0.017039 0.273134 0.023383 0.999032 0.037260 0.046871 -0.017918 -0.036845 0.999160 0.458847
4439.341544 0.999564 -0.024115 0.017037 0.282721 0.023456 0.999006 0.037917 0.047637 -0.017934 -0.037501 0.999136 0.457247
4439.434565 0.999561 -0.024286 0.016970 0.289846 0.023600 0.998940 0.039510 0.047655 -0.017912 -0.039093 0.999075 0.457334
4439.537925 0.999557 -0.024517 0.016844 0.296328 0.023819 0.998896 0.040497 0.046713 -0.017818 -0.040077 0.999038 0.458377
4439.643889 0.999551 -0.024877 0.016719 0.302513 0.024162 0.998839 0.041687 0.044020 -0.017736 -0.041264 0.998991 0.458699
4439.724939 0.999547 -0.025026 0.016739 0.308891 0.024298 0.998805 0.042395 0.044199 -0.017780 -0.041969 0.998961 0.460961
4439.835612 0.999541 -0.025197 0.016809 0.313804 0.024453 0.998772 0.043083 0.043435 -0.017874 -0.042652 0.998930 0.465715
4439.937703 0.999540 -0.025502 0.016404 0.370457 0.024683 0.998527 0.048326 0.037349 -0.017612 -0.047899 0.998697 0.466922
4440.038540 0.999526 -0.026009 0.016478 0.378050 0.025179 0.998496 0.048709 0.036240 -0.017720 -0.048271 0.998677 0.470014
4440.139670 0.999521 -0.025716 0.017194 0.425879 0.024842 0.998477 0.049251 0.043297 -0.018434 -0.048801 0.998638 0.493588
4440.240486 0.999511 -0.026031 0.017306 0.430397 0.025164 0.998504 0.048544 0.044092 -0.018544 -0.048085 0.998671 0.492117
4440.341299 0.999491 -0.026526 0.017701 0.474946 0.025745 0.998745 0.042957 0.048431 -0.018818 -0.042480 0.998920 0.492777
4440.439420 0.999479 -0.026863 0.017912 0.488226 0.026045 0.998674 0.044408 0.052074 -0.019082 -0.043919 0.998853 0.496609
4440.530518 0.999468 -0.027008 0.018296 0.498274 0.026159 0.998638 0.045153 0.056328 -0.019490 -0.044650 0.998813 0.504081
4440.631387 0.999459 -0.027146 0.018565 0.507393 0.026264 0.998586 0.046213 0.056224 -0.019793 -0.045701 0.998759 0.506495
4440.732145 0.999444 -0.027405 0.018998 0.516501 0.026491 0.998552 0.046823 0.055844 -0.020254 -0.046294 0.998723 0.513858
4440.832984 0.999424 -0.027823 0.019445 0.523814 0.026889 0.998547 0.046707 0.056364 -0.020717 -0.046157 0.998719 0.519542
4440.933686 0.999405 -0.028311 0.019677 0.531324 0.027382 0.998567 0.045990 0.057119 -0.020951 -0.045424 0.998748 0.519946
4441.034422 0.999385 -0.028826 0.019952 0.539474 0.027899 0.998584 0.045304 0.057813 -0.021230 -0.044719 0.998774 0.521077
4441.145221 0.999336 -0.029874 0.020841 0.564264 0.028900 0.998544 0.045548 0.060201 -0.022172 -0.044915 0.998745 0.546050
4441.235862 0.999303 -0.030883 0.020946 0.574591 0.029871 0.998446 0.047039 0.064372 -0.022366 -0.046380 0.998673 0.550083
4441.336770 0.999288 -0.031240 0.021171 0.582889 0.030213 0.998428 0.047215 0.064986 -0.022613 -0.046542 0.998660 0.554867
4441.437540 0.999265 -0.031690 0.021586 0.591078 0.030644 0.998417 0.047171 0.063638 -0.023047 -0.046475 0.998654 0.558095
4441.539409 0.999238 -0.032119 0.022190 0.600762 0.031055 0.998423 0.046757 0.065010 -0.023656 -0.046032 0.998660 0.565644
4441.640170 0.999213 -0.032435 0.022827 0.611929 0.031356 0.998443 0.046131 0.066144 -0.024288 -0.045379 0.998675 0.572836
4441.732051 0.999188 -0.032689 0.023574 0.624378 0.031579 0.998442 0.046009 0.066914 -0.025041 -0.045227 0.998663 0.581646
4441.836289 0.999161 -0.033065 0.024173 0.641480 0.031907 0.998395 0.046793 0.071353 -0.025681 -0.045983 0.998612 0.590776
4441.936895 0.999120 -0.034014 0.024559 0.655779 0.032798 0.998294 0.048313 0.077541 -0.026160 -0.047465 0.998530 0.597043
4442.037619 0.999102 -0.034224 0.024995 0.664864 0.032955 0.998229 0.049522 0.079427 -0.026646 -0.048654 0.998460 0.605970
4442.139954 0.999070 -0.034666 0.025626 0.674440 0.033378 0.998237 0.049087 0.081984 -0.027282 -0.048186 0.998466 0.610312
4442.240794 0.998999 -0.036358 0.026055 0.685873 0.034991 0.998079 0.051122 0.087838 -0.027864 -0.050159 0.998352 0.618494
4442.331548 0.998964 -0.036860 0.026672 0.697904 0.035460 0.998060 0.051177 0.088269 -0.028506 -0.050179 0.998333 0.624095
4442.433809 0.998922 -0.037285 0.027669 0.710688 0.035820 0.998021 0.051676 0.089924 -0.029541 -0.050629 0.998281 0.636878
4442.534392 0.998894 -0.037585 0.028266 0.723663 0.036047 0.997939 0.053083 0.091178 -0.030203 -0.052005 0.998190 0.647077
4442.634892 0.998862 -0.037786 0.029107 0.735603 0.036166 0.997870 0.054295 0.092712 -0.031096 -0.053180 0.998101 0.659782
4442.745711 0.998831 -0.037874 0.030036 0.747204 0.036182 0.997830 0.055002 0.095439 -0.032054 -0.053851 0.998034 0.671661
4442.836447 0.998798 -0.038106 0.030838 0.760981 0.036345 0.997782 0.055764 0.097184 -0.032895 -0.054576 0.997968 0.683826
4442.931192 0.998750 -0.038466 0.031934 0.773336 0.036648 0.997774 0.055707 0.098580 -0.034006 -0.054467 0.997936 0.695088
4443.042723 0.998672 -0.039182 0.033450 0.803458 0.037230 0.997674 0.057100 0.101885 -0.035610 -0.055779 0.997808 0.729824
4443.137070 0.998615 -0.039717 0.034495 0.816044 0.037683 0.997621 0.057735 0.103289 -0.036706 -0.056355 0.997736 0.744916
4443.237888 0.998552 -0.040162 0.035777 0.834656 0.038026 0.997563 0.058498 0.107705 -0.038039 -0.057053 0.997646 0.761942
4443.338620 0.998460 -0.041247 0.037093 0.856105 0.039028 0.997514 0.058675 0.115232 -0.039421 -0.057137 0.997588 0.775893
4443.431787 0.998430 -0.040873 0.038298 0.914576 0.038510 0.997423 0.060528 0.124984 -0.040673 -0.058958 0.997432 0.811848
4443.542516 0.998364 -0.041270 0.039584 0.932613 0.038832 0.997413 0.060496 0.128370 -0.041978 -0.058860 0.997383 0.826148
4443.636878 0.998295 -0.041720 0.040832 0.951292 0.039215 0.997408 0.060323 0.132035 -0.043243 -0.058619 0.997343 0.836191
4443.737649 0.998221 -0.042245 0.042076 0.969024 0.039646 0.997363 0.060788 0.135142 -0.044533 -0.059012 0.997263 0.849694
4443.838372 0.998156 -0.042647 0.043187 0.987128 0.039950 0.997308 0.061491 0.137379 -0.045693 -0.059653 0.997173 0.863600
4443.939054 0.998091 -0.043208 0.044138 1.003658 0.040398 0.997216 0.062678 0.138517 -0.046723 -0.060775 0.997057 0.875914
4444.030293 0.998021 -0.043623 0.045298 1.020789 0.040715 0.997167 0.063244 0.140731 -0.047929 -0.061275 0.996970 0.888308
4444.141357 0.997948 -0.043969 0.046541 1.037246 0.040988 0.997160 0.063179 0.142407 -0.049187 -0.061142 0.996916 0.899231
4444.227819 0.997782 -0.046377 0.047748 1.063298 0.043284 0.997018 0.063894 0.151535 -0.050569 -0.061685 0.996814 0.913895
4444.339238 0.997718 -0.047043 0.048443 1.085528 0.043842 0.996912 0.065148 0.154342 -0.051358 -0.062876 0.996699 0.922638
4444.440028 0.997650 -0.047499 0.049387 1.105536 0.044193 0.996839 0.066022 0.156044 -0.052367 -0.063684 0.996595 0.931123
4444.541955 0.997577 -0.048246 0.050131 1.132114 0.044863 0.996774 0.066550 0.160794 -0.053180 -0.064140 0.996523 0.939018
4444.642516 0.997155 -0.054330 0.052258 1.208575 0.050829 0.996515 0.066143 0.172732 -0.055669 -0.063299 0.996441 0.968576
4444.733128 0.996980 -0.054905 0.054924 1.289261 0.051367 0.996634 0.063884 0.185105 -0.058247 -0.060870 0.996445 0.991487
4444.836226 0.996865 -0.054907 0.056974 1.369301 0.051264 0.996662 0.063543 0.193202 -0.060273 -0.060423 0.996351 1.020960
4444.937719 0.996776 -0.055184 0.058239 1.393308 0.051408 0.996596 0.064454 0.195610 -0.061597 -0.061253 0.996220 1.032281
4445.038483 0.996703 -0.055581 0.059110 1.416544 0.051673 0.996500 0.065708 0.198065 -0.062556 -0.062437 0.996087 1.041554
4445.144403 0.996638 -0.055683 0.060103 1.441688 0.051682 0.996468 0.066182 0.201860 -0.063576 -0.062853 0.995996 1.049128
4445.235795 0.996549 -0.056189 0.061096 1.466765 0.052074 0.996394 0.066982 0.204829 -0.064639 -0.063569 0.995882 1.057310
4445.329878 0.996467 -0.056611 0.062035 1.491666 0.052392 0.996333 0.067638 0.206889 -0.065637 -0.064149 0.995779 1.065420
4445.424321 0.996370 -0.057199 0.063053 1.516717 0.052862 0.996255 0.068425 0.208417 -0.066730 -0.064844 0.995662 1.073898
4445.527819 0.996300 -0.057385 0.063976 1.540935 0.052945 0.996207 0.069058 0.212090 -0.067697 -0.065415 0.995559 1.081225
4445.640690 0.996208 -0.057950 0.064888 1.563717 0.053385 0.996117 0.070006 0.213985 -0.068693 -0.066276 0.995434 1.088543
4445.739616 0.996125 -0.058191 0.065953 1.589843 0.053509 0.996064 0.070659 0.216933 -0.069805 -0.066856 0.995318 1.098210
4445.840339 0.996033 -0.058722 0.066856 1.616797 0.053900 0.995963 0.071778 0.219179 -0.070801 -0.067889 0.995177 1.106177
4445.937557 0.995972 -0.059097 0.067437 1.642300 0.054212 0.995923 0.072106 0.222252 -0.071423 -0.068159 0.995115 1.112555
4446.028200 0.995908 -0.059448 0.068066 1.667604 0.054453 0.995842 0.073034 0.225452 -0.072124 -0.069029 0.995004 1.119659
4446.138898 0.995833 -0.059870 0.068793 1.692551 0.054788 0.995788 0.073521 0.228361 -0.072905 -0.069445 0.994918 1.126004
4446.230723 0.995789 -0.060184 0.069159 1.717880 0.054985 0.995684 0.074768 0.231202 -0.073360 -0.070650 0.994800 1.128056
4446.323705 0.995721 -0.060532 0.069822 1.743735 0.055233 0.995617 0.075478 0.232916 -0.074085 -0.071299 0.994700 1.133105
4446.431805 0.995646 -0.060952 0.070519 1.769404 0.055505 0.995502 0.076782 0.236626 -0.074882 -0.072534 0.994551 1.139095
4446.536517 0.995582 -0.061241 0.071171 1.794949 0.055658 0.995403 0.077949 0.240450 -0.075617 -0.073643 0.994414 1.142936
4446.641162 0.995509 -0.061460 0.072010 1.819755 0.055790 0.995371 0.078259 0.245486 -0.076487 -0.073890 0.994329 1.149728
4446.734072 0.995452 -0.061680 0.072604 1.843213 0.055945 0.995340 0.078536 0.249573 -0.077110 -0.074117 0.994264 1.154921
4446.840850 0.995371 -0.061912 0.073507 1.867663 0.056121 0.995342 0.078385 0.254945 -0.078018 -0.073897 0.994209 1.163959
4446.943671 0.995301 -0.062175 0.074237 1.893912 0.056278 0.995281 0.079049 0.259676 -0.078801 -0.074499 0.994103 1.169753
4447.035694 0.995241 -0.062470 0.074790 1.918373 0.056475 0.995214 0.079753 0.263345 -0.079414 -0.075149 0.994005 1.173321
4447.126288 0.995166 -0.062678 0.075610 1.940236 0.056570 0.995157 0.080385 0.267657 -0.080282 -0.075719 0.993892 1.179944
4447.226835 0.995130 -0.062812 0.075973 1.965073 0.056654 0.995130 0.080666 0.271728 -0.080669 -0.075969 0.993842 1.181887
4447.327451 0.995107 -0.062881 0.076216 1.990412 0.056708 0.995130 0.080624 0.275772 -0.080915 -0.075908 0.993826 1.186197
4447.438083 0.995069 -0.062916 0.076679 2.014441 0.056693 0.995117 0.080795 0.279990 -0.081387 -0.076049 0.993777 1.190980
4447.538977 0.995053 -0.062867 0.076927 2.039722 0.056646 0.995140 0.080547 0.284004 -0.081617 -0.075791 0.993778 1.192159
4447.639698 0.995024 -0.062936 0.077246 2.063513 0.056683 0.995131 0.080633 0.287708 -0.081945 -0.075854 0.993746 1.192207
4447.740496 0.994982 -0.063095 0.077651 2.091528 0.056764 0.995080 0.081198 0.292244 -0.082393 -0.076382 0.993669 1.192209
4447.835514 0.994944 -0.063304 0.077973 2.118875 0.056930 0.995053 0.081417 0.294967 -0.082741 -0.076567 0.993625 1.192397
4447.936480 0.994909 -0.063563 0.078201 2.141942 0.057118 0.994989 0.082058 0.297573 -0.083025 -0.077173 0.993555 1.192721
4448.038099 0.994865 -0.063850 0.078532 2.166844 0.057356 0.994953 0.082339 0.301027 -0.083393 -0.077412 0.993505 1.195781
4448.138924 0.994821 -0.064157 0.078838 2.193080 0.057580 0.994882 0.083034 0.303394 -0.083762 -0.078064 0.993423 1.196520
4448.234480 0.994802 -0.064376 0.078898 2.219359 0.057730 0.994808 0.083808 0.305326 -0.083883 -0.078817 0.993354 1.197246
4448.339372 0.994737 -0.064698 0.079455 2.243862 0.057835 0.994629 0.085841 0.307995 -0.084582 -0.080794 0.993136 1.196872
4448.442876 0.994692 -0.065043 0.079737 2.268993 0.058084 0.994541 0.086689 0.310820 -0.084940 -0.081597 0.993039 1.197517
4448.536064 0.994666 -0.065201 0.079923 2.294845 0.058182 0.994489 0.087215 0.313044 -0.085169 -0.082100 0.992978 1.199062
4448.636861 0.994610 -0.065451 0.080415 2.319694 0.058334 0.994423 0.087865 0.316214 -0.085717 -0.082700 0.992881 1.200253
4448.731458 0.994571 -0.065675 0.080715 2.345151 0.058399 0.994281 0.089409 0.318523 -0.086125 -0.084210 0.992719 1.200608
4448.835831 0.994520 -0.066047 0.081043 2.371180 0.058669 0.994188 0.090269 0.322162 -0.086534 -0.085020 0.992615 1.205565
4448.933138 0.994483 -0.065995 0.081537 2.398645 0.058582 0.994201 0.090184 0.327063 -0.087015 -0.084909 0.992582 1.210831
4449.037918 0.994429 -0.066264 0.081982 2.425100 0.058737 0.994113 0.091046 0.330194 -0.087532 -0.085723 0.992466 1.211741
4449.128744 0.994366 -0.066522 0.082529 2.450879 0.058818 0.993973 0.092505 0.332060 -0.088185 -0.087130 0.992286 1.211745
4449.239645 0.994343 -0.066777 0.082599 2.478706 0.059085 0.993976 0.092309 0.336100 -0.088265 -0.086906 0.992299 1.212853
4449.331088 0.994338 -0.066922 0.082544 2.504884 0.059206 0.993939 0.092629 0.338893 -0.088242 -0.087217 0.992273 1.212513
4449.432336 0.994207 -0.068176 0.083093 2.571944 0.059793 0.993239 0.099500 0.337982 -0.089315 -0.093955 0.991562 1.212119
4449.523047 0.994075 -0.069080 0.083924 2.640518 0.060138 0.992677 0.104762 0.340056 -0.090546 -0.099094 0.990950 1.215157
4449.623812 0.994035 -0.069096 0.084381 2.668239 0.060064 0.992630 0.105247 0.344289 -0.091031 -0.099551 0.990860 1.214284
4449.735683 0.993981 -0.069139 0.084979 2.696776 0.060032 0.992615 0.105410 0.346527 -0.091639 -0.099674 0.990791 1.213789
4449.836415 0.993941 -0.069283 0.085331 2.726328 0.060065 0.992527 0.106223 0.349763 -0.092052 -0.100454 0.990674 1.211514
4449.928995 0.993955 -0.069366 0.085095 2.755882 0.060181 0.992530 0.106126 0.353836 -0.091821 -0.100363 0.990705 1.211067
4450.039732 0.993962 -0.069492 0.084916 2.846485 0.060268 0.992459 0.106742 0.364405 -0.091693 -0.100979 0.990654 1.226033
4450.140420 0.993936 -0.069876 0.084902 2.871723 0.060575 0.992350 0.107574 0.367656 -0.091769 -0.101778 0.990565 1.222788
4450.231157 0.993937 -0.069895 0.084879 2.900998 0.060548 0.992294 0.108109 0.370446 -0.091781 -0.102314 0.990509 1.222970
4450.322517 0.993918 -0.070270 0.084787 2.929554 0.060837 0.992164 0.109127 0.373648 -0.091791 -0.103305 0.990405 1.220563
4450.433256 0.993903 -0.070666 0.084640 2.957066 0.061206 0.992092 0.109575 0.377532 -0.091714 -0.103726 0.990368 1.221070
4450.533877 0.993893 -0.071028 0.084454 2.983970 0.061584 0.992066 0.109599 0.381456 -0.091569 -0.103729 0.990382 1.219226
4450.637398 0.993904 -0.071200 0.084179 3.013785 0.061722 0.991981 0.110289 0.385122 -0.091357 -0.104421 0.990328 1.218621
4450.732961 0.993835 -0.072362 0.084001 3.098890 0.062349 0.991262 0.116242 0.386033 -0.091679 -0.110288 0.989662 1.209715
4450.837687 0.993804 -0.073248 0.083601 3.175807 0.062687 0.990473 0.122615 0.385858 -0.091786 -0.116615 0.988927 1.200285
4450.938480 0.993775 -0.074207 0.083088 3.251083 0.063130 0.989657 0.128813 0.385973 -0.091787 -0.122766 0.988182 1.190263
4451.040892 0.993774 -0.074375 0.082961 3.276611 0.063243 0.989552 0.129565 0.389673 -0.091730 -0.123512 0.988094 1.190135
4451.141731 0.993763 -0.074599 0.082887 3.305159 0.063416 0.989457 0.130204 0.394861 -0.091727 -0.124135 0.988017 1.191837
4451.238799 0.993756 -0.074810 0.082777 3.333953 0.063530 0.989293 0.131391 0.398341 -0.091720 -0.125312 0.987869 1.190563
4451.339691 0.993757 -0.075087 0.082514 3.363928 0.063774 0.989184 0.132090 0.402023 -0.091540 -0.126003 0.987797 1.188597
4451.440568 0.993747 -0.075331 0.082413 3.393588 0.063989 0.989112 0.132527 0.405421 -0.091499 -0.126425 0.987747 1.188233
4451.531311 0.993745 -0.075693 0.082106 3.424101 0.064324 0.988997 0.133216 0.409140 -0.091286 -0.127101 0.987680 1.186004
4451.635904 0.993737 -0.075915 0.081993 3.453330 0.064477 0.988866 0.134113 0.411819 -0.091262 -0.127987 0.987568 1.184856
4451.736650 0.993710 -0.076251 0.082019 3.480800 0.064737 0.988744 0.134890 0.414497 -0.091381 -0.128732 0.987460 1.183254
4451.837462 0.993718 -0.076422 0.081758 3.510139 0.064824 0.988564 0.136156 0.418584 -0.091228 -0.130001 0.987308 1.181890
4451.938107 0.993742 -0.076640 0.081264 3.593111 0.065213 0.988700 0.134980 0.429100 -0.090691 -0.128835 0.987510 1.191504
4452.028825 0.993743 -0.077004 0.080897 3.620802 0.065529 0.988538 0.136008 0.433830 -0.090443 -0.129856 0.987399 1.189693
4452.139715 0.993718 -0.077334 0.080892 3.647940 0.065748 0.988358 0.137205 0.438050 -0.090561 -0.131025 0.987234 1.188343
4452.230410 0.993715 -0.077538 0.080742 3.677148 0.065872 0.988200 0.138279 0.441350 -0.090511 -0.132091 0.987097 1.184998
4452.341214 0.993736 -0.077711 0.080314 3.707018 0.066061 0.988126 0.138722 0.445241 -0.090140 -0.132548 0.987069 1.182131
4452.441849 0.993736 -0.077768 0.080260 3.737438 0.066069 0.988040 0.139323 0.448291 -0.090135 -0.133148 0.986989 1.181910
4452.525891 0.993742 -0.077916 0.080042 3.764160 0.066187 0.987940 0.139975 0.451219 -0.089983 -0.133802 0.986914 1.180463
4452.636685 0.993734 -0.078369 0.079689 3.834948 0.066209 0.987185 0.145195 0.453403 -0.090047 -0.139009 0.986189 1.168385
4452.727415 0.993717 -0.078697 0.079588 3.863849 0.066495 0.987080 0.145782 0.457956 -0.090032 -0.139574 0.986110 1.167547
4452.838228 0.993727 -0.078915 0.079238 3.894085 0.066693 0.986955 0.146532 0.461555 -0.089767 -0.140328 0.986027 1.164927
4452.938953 0.993697 -0.078930 0.079594 3.925089 0.066637 0.986925 0.146761 0.465870 -0.090138 -0.140532 0.985965 1.162956
4453.039712 0.993695 -0.078932 0.079620 3.955018 0.066543 0.986783 0.147757 0.469206 -0.090231 -0.141527 0.985814 1.161160
4453.140531 0.993661 -0.079061 0.079918 3.985787 0.066610 0.986747 0.147962 0.472205 -0.090557 -0.141701 0.985759 1.160715
4453.241348 0.993675 -0.079194 0.079609 4.016081 0.066780 0.986724 0.148043 0.476258 -0.090276 -0.141791 0.985772 1.161223
4453.336871 0.993681 -0.079382 0.079352 4.048393 0.066906 0.986557 0.149096 0.479293 -0.090121 -0.142845 0.985634 1.157693
4453.438477 0.993673 -0.079705 0.079122 4.079098 0.067206 0.986447 0.149688 0.482957 -0.089981 -0.143424 0.985562 1.153682
4453.531042 0.993628 -0.079971 0.079428 4.108765 0.067358 0.986324 0.150423 0.485655 -0.090372 -0.144114 0.985426 1.149412
4453.637541 0.993616 -0.080005 0.079543 4.138023 0.067299 0.986200 0.151264 0.489018 -0.090547 -0.144945 0.985288 1.146289
4453.738833 0.993588 -0.080085 0.079809 4.166836 0.067273 0.986091 0.151982 0.490576 -0.090871 -0.145638 0.985156 1.140031
4453.839524 0.993545 -0.080324 0.080107 4.198080 0.067383 0.985943 0.152892 0.494626 -0.091262 -0.146507 0.984991 1.133509
4453.942151 0.993498 -0.080629 0.080384 4.226205 0.067519 0.985724 0.154240 0.498475 -0.091673 -0.147810 0.984758 1.126484
4454.036092 0.993461 -0.080757 0.080708 4.254510 0.067499 0.985560 0.155291 0.502669 -0.092083 -0.148828 0.984566 1.120224
4454.136818 0.993418 -0.080876 0.081116 4.282637 0.067486 0.985443 0.156037 0.506538 -0.092554 -0.149535 0.984415 1.114430
4454.227453 0.993378 -0.080955 0.081521 4.308083 0.067482 0.985409 0.156251 0.512415 -0.092981 -0.149715 0.984347 1.111617
4454.338229 0.993327 -0.081188 0.081913 4.338317 0.067592 0.985296 0.156916 0.516162 -0.093449 -0.150332 0.984209 1.104891
4454.438853 0.993263 -0.081375 0.082504 4.365577 0.067592 0.985137 0.157914 0.519553 -0.094128 -0.151274 0.984000 1.094112
4454.542421 0.993184 -0.081648 0.083183 4.391267 0.067673 0.984987 0.158810 0.525062 -0.094901 -0.152099 0.983799 1.086110
4454.633869 0.993141 -0.081735 0.083605 4.420528 0.067645 0.984906 0.159328 0.528389 -0.095365 -0.152579 0.983679 1.079225
4454.734536 0.993071 -0.081948 0.084225 4.448912 0.067676 0.984764 0.160189 0.532746 -0.096069 -0.153379 0.983486 1.071341
4454.835287 0.993010 -0.082255 0.084651 4.476099 0.067866 0.984668 0.160693 0.538957 -0.096571 -0.153825 0.983368 1.065202
4454.936222 0.992976 -0.082395 0.084907 4.501569 0.067866 0.984505 0.161694 0.543758 -0.096914 -0.154796 0.983181 1.060881
4455.027815 0.992959 -0.082527 0.084987 4.529493 0.067900 0.984361 0.162551 0.548401 -0.097072 -0.155636 0.983033 1.054173
4455.139028 0.992870 -0.082998 0.085566 4.554909 0.068141 0.984120 0.163906 0.552419 -0.097811 -0.156907 0.982758 1.041694
4455.232028 0.992800 -0.083106 0.086259 4.583425 0.068045 0.983970 0.164842 0.556036 -0.098576 -0.157786 0.982541 1.031173
4455.333387 0.992751 -0.083294 0.086649 4.614768 0.068136 0.983909 0.165168 0.561700 -0.099012 -0.158066 0.982452 1.027525
4455.424062 0.992724 -0.083547 0.086717 4.645381 0.068323 0.983807 0.165695 0.566404 -0.099156 -0.158565 0.982357 1.022917
4455.534703 0.992651 -0.083674 0.087417 4.675031 0.068247 0.983663 0.166581 0.569187 -0.099928 -0.159391 0.982145 1.010950
4455.635543 0.992604 -0.083788 0.087852 4.701840 0.068203 0.983522 0.167430 0.573733 -0.100433 -0.160199 0.981962 1.005078
4455.738248 0.992549 -0.083842 0.088415 4.732297 0.068017 0.983288 0.168875 0.575116 -0.101097 -0.161603 0.981664 0.998097
4455.838991 0.992451 -0.084222 0.089153 4.760097 0.068092 0.982983 0.170608 0.578413 -0.102005 -0.163249 0.981297 0.984745
4455.930484 0.992374 -0.084469 0.089771 4.787554 0.068178 0.982883 0.171153 0.581978 -0.102692 -0.163727 0.981146 0.976899
4456.047783 0.992266 -0.085010 0.090452 4.815438 0.068452 0.982616 0.172571 0.584126 -0.103550 -0.165045 0.980835 0.965547
4456.133713 0.992186 -0.085258 0.091093 4.840753 0.068495 0.982454 0.173474 0.587992 -0.104285 -0.165879 0.980617 0.954530
4456.234488 0.991997 -0.086801 0.091692 4.866288 0.069928 0.982362 0.173421 0.589553 -0.105128 -0.165621 0.980570 0.947135
4456.336431 0.991897 -0.087307 0.092288 4.890797 0.070251 0.982209 0.174154 0.593417 -0.105851 -0.166260 0.980384 0.939762
4456.431623 0.991754 -0.088400 0.092786 4.916627 0.071217 0.982087 0.174454 0.595528 -0.106546 -0.166407 0.980284 0.931772
4456.533751 0.991605 -0.089435 0.093385 4.940256 0.072109 0.981969 0.174751 0.595136 -0.107330 -0.166550 0.980174 0.923327
4456.634566 0.991493 -0.089916 0.094109 4.964519 0.072284 0.981665 0.176377 0.598771 -0.108243 -0.168074 0.979814 0.911551
4456.740066 0.991346 -0.090907 0.094701 4.984230 0.073148 0.981573 0.176531 0.603969 -0.109004 -0.168077 0.979729 0.902828
4456.841880 0.991233 -0.091201 0.095597 5.005607 0.073207 0.981442 0.177234 0.605291 -0.109987 -0.168682 0.979515 0.891478
4456.932648 0.990920 -0.093190 0.096923 5.043286 0.074688 0.980911 0.179540 0.606162 -0.111804 -0.170670 0.978965 0.864232
4457.023388 0.990836 -0.093571 0.097406 5.066796 0.074877 0.980730 0.180449 0.608241 -0.112413 -0.171502 0.978749 0.853736
4457.124091 0.990758 -0.093805 0.097980 5.085503 0.074924 0.980590 0.181188 0.609053 -0.113074 -0.172173 0.978555 0.842603
4457.234985 0.990668 -0.093981 0.098712 5.106952 0.074904 0.980486 0.181758 0.610926 -0.113868 -0.172668 0.978376 0.833288
4457.336090 0.990539 -0.094803 0.099224 5.126614 0.075594 0.980378 0.182056 0.611944 -0.114537 -0.172833 0.978269 0.826564
4457.437004 0.990327 -0.096501 0.099700 5.147018 0.077172 0.980225 0.182217 0.608446 -0.115312 -0.172760 0.978191 0.818280
4457.538617 0.990237 -0.096869 0.100230 5.167141 0.077296 0.979983 0.183463 0.610753 -0.115996 -0.173925 0.977903 0.809269
4457.645824 0.990125 -0.097163 0.101055 5.185766 0.077368 0.979861 0.184085 0.613025 -0.116906 -0.174449 0.977702 0.797929
4457.739827 0.990009 -0.097554 0.101807 5.204248 0.077512 0.979678 0.184994 0.614383 -0.117785 -0.175255 0.977452 0.785836
4457.843030 0.989899 -0.098018 0.102436 5.222839 0.077718 0.979441 0.186159 0.617077 -0.118577 -0.176318 0.977165 0.773875
4457.933672 0.989783 -0.098425 0.103163 5.242748 0.077887 0.979264 0.187016 0.619753 -0.119431 -0.177071 0.976925 0.761834
4458.034398 0.989672 -0.098727 0.103938 5.262752 0.077955 0.979117 0.187756 0.621087 -0.120304 -0.177714 0.976701 0.748360
4458.137777 0.989539 -0.099126 0.104819 5.284945 0.078080 0.978934 0.188660 0.623999 -0.121312 -0.178502 0.976433 0.735051
4458.238423 0.989393 -0.099703 0.105642 5.301954 0.078413 0.978771 0.189363 0.624028 -0.122280 -0.179071 0.976208 0.727146
4458.339927 0.989293 -0.100052 0.106247 5.321276 0.078513 0.978555 0.190438 0.624084 -0.123022 -0.180057 0.975933 0.716244
4458.430620 0.989205 -0.100363 0.106778 5.341714 0.078637 0.978411 0.191123 0.625022 -0.123655 -0.180663 0.975741 0.707302
4458.533709 0.989087 -0.100634 0.107606 5.359788 0.078663 0.978269 0.191837 0.626579 -0.124573 -0.181279 0.975510 0.695885
4458.640921 0.988966 -0.100939 0.108430 5.379303 0.078654 0.978027 0.193072 0.626776 -0.125536 -0.182413 0.975175 0.682016
4458.741723 0.988858 -0.101330 0.109054 5.397348 0.078854 0.977902 0.193623 0.628473 -0.126264 -0.182867 0.974996 0.671945
4458.832354 0.988783 -0.101480 0.109592 5.417162 0.078826 0.977788 0.194208 0.629036 -0.126866 -0.183391 0.974819 0.662022
4458.937013 0.988439 -0.103171 0.111100 5.458888 0.080024 0.977397 0.195680 0.645229 -0.128777 -0.184528 0.974354 0.618380
4459.037716 0.988346 -0.103397 0.111722 5.478697 0.080056 0.977282 0.196241 0.647457 -0.129475 -0.185009 0.974170 0.611409
4459.138420 0.988128 -0.103925 0.113146 5.522368 0.080020 0.976847 0.198409 0.644248 -0.131146 -0.186999 0.973567 0.574556
4459.239167 0.988035 -0.104056 0.113836 5.539546 0.079917 0.976704 0.199157 0.645003 -0.131908 -0.187676 0.973333 0.564624
4459.339918 0.987929 -0.104205 0.114622 5.557306 0.079791 0.976529 0.200061 0.644533 -0.132780 -0.188500 0.973056 0.555183
4459.440772 0.987839 -0.104359 0.115251 5.576200 0.079685 0.976331 0.201067 0.645115 -0.133506 -0.189438 0.972774 0.547768
4459.531523 0.987598 -0.104929 0.116793 5.616018 0.079667 0.975909 0.203111 0.642000 -0.135291 -0.191287 0.972165 0.510778
4459.632175 0.987481 -0.105204 0.117532 5.632294 0.079675 0.975729 0.203974 0.642894 -0.136138 -0.192056 0.971896 0.497532
4459.732889 0.987364 -0.105553 0.118200 5.650905 0.079762 0.975533 0.204874 0.643140 -0.136933 -0.192858 0.971625 0.486265
4459.833651 0.987274 -0.105704 0.118811 5.670535 0.079700 0.975403 0.205518 0.643779 -0.137613 -0.193434 0.971414 0.477203
4459.934398 0.987047 -0.106325 0.120142 5.711380 0.079795 0.975015 0.207314 0.641822 -0.139183 -0.195042 0.970869 0.439296
4460.035083 0.986975 -0.106412 0.120651 5.727872 0.079680 0.974876 0.208008 0.641000 -0.139754 -0.195685 0.970658 0.432222
4460.135764 0.986869 -0.106525 0.121419 5.745345 0.079505 0.974694 0.208926 0.640514 -0.140602 -0.196529 0.970365 0.420144
4460.237510 0.986819 -0.106477 0.121866 5.765252 0.079306 0.974618 0.209356 0.640513 -0.141064 -0.196931 0.970216 0.411826
4460.338261 0.986763 -0.106515 0.122287 5.785891 0.079191 0.974528 0.209820 0.641680 -0.141521 -0.197359 0.970063 0.404309
4460.430799 0.986700 -0.106512 0.122792 5.804687 0.079027 0.974453 0.210231 0.642933 -0.142047 -0.197731 0.969910 0.395555
4460.541753 0.986622 -0.106684 0.123273 5.821703 0.079030 0.974349 0.210708 0.644991 -0.142590 -0.198147 0.969745 0.386235
4460.632819 0.986580 -0.106625 0.123658 5.840266 0.078829 0.974271 0.211146 0.645488 -0.142989 -0.198565 0.969601 0.376356
4460.728937 0.986546 -0.106634 0.123917 5.859547 0.078754 0.974230 0.211362 0.646511 -0.143262 -0.198759 0.969521 0.370316
4460.839788 0.986492 -0.106645 0.124340 5.879372 0.078639 0.974181 0.211632 0.646837 -0.143699 -0.198995 0.969408 0.362143
4460.930589 0.986403 -0.106818 0.124898 5.896738 0.078625 0.974077 0.212115 0.647147 -0.144318 -0.199411 0.969230 0.349964
4461.033541 0.986287 -0.107030 0.125626 5.911381 0.078597 0.973948 0.212716 0.648112 -0.145120 -0.199925 0.969005 0.338413
4461.137549 0.986139 -0.107347 0.126514 5.927035 0.078616 0.973782 0.213468 0.646767 -0.146112 -0.200563 0.968724 0.325138
4461.239259 0.986015 -0.107409 0.127424 5.942349 0.078370 0.973627 0.214264 0.645696 -0.147077 -0.201281 0.968429 0.312106
4461.340046 0.985897 -0.107532 0.128231 5.957596 0.078229 0.973498 0.214898 0.645765 -0.147941 -0.201836 0.968182 0.298133
4461.440839 0.985809 -0.107707 0.128764 5.973782 0.078241 0.973424 0.215232 0.646786 -0.148524 -0.202103 0.968037 0.289371
4461.535964 0.985690 -0.107894 0.129515 5.989042 0.078167 0.973281 0.215903 0.645952 -0.149349 -0.202689 0.967787 0.279929
4461.636850 0.985555 -0.108196 0.130290 6.003673 0.078207 0.973137 0.216537 0.646763 -0.150219 -0.203220 0.967541 0.268067
4461.727492 0.985423 -0.108346 0.131162 6.017146 0.078030 0.972946 0.217458 0.644808 -0.151174 -0.204053 0.967217 0.253355
4461.838363 0.985276 -0.108583 0.132061 6.030046 0.077935 0.972750 0.218365 0.644738 -0.152173 -0.204858 0.966890 0.238029
4461.939019 0.985115 -0.108920 0.132986 6.046485 0.077927 0.972542 0.219291 0.644410 -0.153220 -0.205664 0.966554 0.222395
4462.029556 0.984974 -0.109101 0.133875 6.062063 0.077779 0.972357 0.220163 0.643490 -0.154194 -0.206442 0.966233 0.208375
4462.132627 0.984848 -0.109279 0.134654 6.075580 0.077701 0.972237 0.220721 0.643122 -0.155036 -0.206914 0.965997 0.199389
4462.235366 0.984733 -0.109310 0.135467 6.090055 0.077450 0.972102 0.221404 0.642024 -0.155889 -0.207532 0.965727 0.188367
4462.336074 0.984585 -0.109536 0.136363 6.103237 0.077378 0.971961 0.222048 0.641578 -0.156862 -0.208073 0.965453 0.177615
4462.436773 0.984461 -0.109652 0.137158 6.116129 0.077197 0.971797 0.222825 0.640915 -0.157723 -0.208774 0.965161 0.163806
4462.541760 0.984275 -0.109553 0.138565 6.160018 0.076441 0.971358 0.224988 0.622917 -0.159245 -0.210858 0.964459 0.121198
4462.642677 0.984098 -0.109673 0.139727 6.211895 0.076175 0.971192 0.225795 0.610241 -0.160465 -0.211560 0.964102 0.079903
4462.743562 0.983929 -0.109414 0.141111 6.256386 0.075298 0.970812 0.227716 0.588228 -0.161908 -0.213431 0.963449 0.038691
4462.834216 0.983845 -0.109347 0.141746 6.273765 0.075052 0.970775 0.227954 0.584365 -0.162529 -0.213633 0.963299 0.030452
4462.936328 0.983765 -0.109418 0.142246 6.289377 0.074988 0.970745 0.228103 0.581808 -0.163044 -0.213733 0.963190 0.026593
4463.037807 0.983659 -0.109542 0.142885 6.305585 0.074949 0.970718 0.228229 0.577790 -0.163702 -0.213791 0.963066 0.019986
4463.138647 0.983546 -0.109934 0.143357 6.321942 0.075144 0.970582 0.228746 0.580797 -0.164287 -0.214210 0.962873 0.012489
4463.242195 0.983450 -0.110190 0.143820 6.336258 0.075233 0.970489 0.229110 0.582950 -0.164821 -0.214498 0.962717 0.004387
4463.337855 0.983341 -0.110308 0.144477 6.351506 0.075103 0.970359 0.229701 0.583702 -0.165532 -0.215024 0.962478 -0.004614
4463.438890 0.983215 -0.110617 0.145096 6.368436 0.075193 0.970244 0.230158 0.585973 -0.166238 -0.215385 0.962276 -0.013521
4463.539781 0.983097 -0.110878 0.145696 6.384971 0.075304 0.970216 0.230237 0.586510 -0.166885 -0.215374 0.962166 -0.021822
4463.641123 0.982998 -0.111079 0.146208 6.397920 0.075361 0.970174 0.230400 0.585431 -0.167440 -0.215464 0.962050 -0.030030
4463.734039 0.982922 -0.111133 0.146675 6.413359 0.075314 0.970181 0.230384 0.585166 -0.167905 -0.215402 0.961982 -0.033198
4463.835704 0.982645 -0.112321 0.147623 6.445210 0.075950 0.969687 0.232248 0.580799 -0.169235 -0.217005 0.961389 -0.074407
4463.936414 0.982492 -0.112536 0.148475 6.478969 0.075657 0.969282 0.234025 0.567925 -0.170251 -0.218694 0.960826 -0.111730
4464.037198 0.982444 -0.112477 0.148838 6.493411 0.075526 0.969304 0.233977 0.563950 -0.170586 -0.218629 0.960782 -0.114988
4464.138556 0.982322 -0.112867 0.149350 6.510128 0.075779 0.969262 0.234069 0.562794 -0.171178 -0.218613 0.960680 -0.122358
4464.239417 0.982223 -0.113167 0.149769 6.522957 0.075920 0.969169 0.234409 0.561964 -0.171678 -0.218872 0.960532 -0.127271
4464.340867 0.982166 -0.113307 0.150038 6.534901 0.076002 0.969168 0.234385 0.561022 -0.171969 -0.218802 0.960496 -0.131919
4464.431591 0.982087 -0.113631 0.150310 6.544897 0.076214 0.969089 0.234644 0.561011 -0.172327 -0.218985 0.960390 -0.137029
4464.532397 0.982050 -0.113829 0.150400 6.556051 0.076389 0.969074 0.234648 0.559468 -0.172459 -0.218947 0.960375 -0.139058
4464.643342 0.981984 -0.114174 0.150574 6.566803 0.076659 0.969011 0.234819 0.558750 -0.172718 -0.219046 0.960306 -0.142669
4464.734018 0.981935 -0.114419 0.150706 6.577272 0.076856 0.968975 0.234904 0.558322 -0.172908 -0.219078 0.960265 -0.145458
4464.836529 0.981858 -0.114700 0.150993 6.589346 0.077080 0.968972 0.234843 0.559190 -0.173244 -0.218945 0.960234 -0.147789
4464.941686 0.981767 -0.115072 0.151299 6.597824 0.077314 0.968868 0.235198 0.559745 -0.173653 -0.219212 0.960099 -0.155176
4465.034638 0.981690 -0.115212 0.151697 6.607213 0.077296 0.968780 0.235565 0.560077 -0.174101 -0.219526 0.959947 -0.162319
4465.138097 0.981585 -0.115513 0.152144 6.616625 0.077436 0.968694 0.235874 0.561413 -0.174628 -0.219749 0.959800 -0.170379
4465.238773 0.981486 -0.115698 0.152644 6.627734 0.077504 0.968686 0.235883 0.561719 -0.175155 -0.219685 0.959718 -0.176845
4465.329411 0.981404 -0.115884 0.153024 6.638808 0.077551 0.968615 0.236158 0.560957 -0.175588 -0.219899 0.959590 -0.183597
4465.430147 0.981304 -0.116200 0.153430 6.650420 0.077762 0.968586 0.236206 0.560934 -0.176057 -0.219859 0.959513 -0.189136
4465.530887 0.981713 -0.113795 0.152612 6.685385 0.075864 0.969124 0.234615 0.568516 -0.174598 -0.218747 0.960034 -0.165145
4465.631735 0.981738 -0.112714 0.153254 6.702421 0.074366 0.968859 0.236184 0.555955 -0.175103 -0.220474 0.959547 -0.196516
4465.731678 0.981471 -0.114623 0.153545 6.710254 0.076214 0.968755 0.236021 0.546780 -0.175801 -0.219946 0.959540 -0.197758
4465.837377 0.981203 -0.116320 0.153983 6.714376 0.077857 0.968712 0.235657 0.534336 -0.176577 -0.219239 0.959560 -0.197455
4465.937618 0.981390 -0.116073 0.152970 6.728891 0.078108 0.969045 0.234204 0.538553 -0.175420 -0.217897 0.960077 -0.167788
4466.038393 0.981596 -0.115688 0.151942 6.749681 0.078223 0.969388 0.232742 0.543534 -0.174216 -0.216573 0.960596 -0.139387
4466.139214 0.981587 -0.115810 0.151902 6.751760 0.078374 0.969403 0.232626 0.543360 -0.174195 -0.216438 0.960631 -0.137625
4466.239936 0.981628 -0.115513 0.151869 6.753731 0.078064 0.969397 0.232755 0.542930 -0.174107 -0.216623 0.960605 -0.136132
4466.330596 0.984462 -0.088871 0.151448 6.742687 0.051757 0.971012 0.233359 0.584562 -0.167797 -0.221895 0.960524 -0.144664
4466.432717 0.986791 -0.057869 0.151307 6.731083 0.021047 0.971900 0.234452 0.638175 -0.160623 -0.228171 0.960280 -0.168094
4466.533496 0.988068 -0.028271 0.151399 6.716508 -0.008292 0.971817 0.235589 0.692046 -0.153792 -0.234034 0.959988 -0.194814
4466.634240 0.988529 0.002465 0.151013 6.699053 -0.038546 0.970872 0.236477 0.744507 -0.146031 -0.239586 0.959830 -0.212119
4466.731231 0.988095 0.032960 0.150271 6.676019 -0.068394 0.969057 0.237171 0.796893 -0.137804 -0.244625 0.959775 -0.225170
4466.836871 0.986426 0.066294 0.150227 6.657339 -0.101201 0.965913 0.238266 0.841389 -0.129310 -0.250235 0.959511 -0.248316
4466.937606 0.983777 0.098346 0.150035 6.632849 -0.132673 0.961790 0.239496 0.886779 -0.120749 -0.255517 0.959235 -0.267324
4467.038334 0.980452 0.127604 0.149772 6.600787 -0.161375 0.957002 0.241052 0.919218 -0.112573 -0.260509 0.958886 -0.289717
